%YAML:1.0
---
camera_matrix: !!opencv-matrix
   rows: 3
   cols: 3
   dt: d
   data: [ 1.2591135345817627e+03, 0., 7.2637214258774111e+02, 0.,
       1.2499593612181068e+03, 6.2196817657769213e+02, 0., 0., 1. ]
distortion_coefficients: !!opencv-matrix
   rows: 1
   cols: 5
   dt: d
   data: [ -1.8769344372339385e-03, 1.3195480649280442e-01,
       -6.2266595985513637e-03, -6.7318019818317629e-02,
       -1.1618330886219293e-01 ]
